45
20.0 60.0 70 20 normal
95.0 60.0 70 20 normal
170.0 60.0 70 20 normal
245.0 60.0 70 20 normal
320.0 60.0 70 20 normal
395.0 60.0 70 20 normal
470.0 60.0 70 20 normal
545.0 60.0 70 20 normal
620.0 60.0 70 20 normal
20.0 85.0 70 20 normal
95.0 85.0 70 20 normal
170.0 85.0 70 20 normal
245.0 85.0 70 20 normal
320.0 85.0 70 20 normal
395.0 85.0 70 20 normal
470.0 85.0 70 20 normal
545.0 85.0 70 20 normal
620.0 85.0 70 20 normal
20.0 110.0 70 20 normal
95.0 110.0 70 20 normal
170.0 110.0 70 20 normal
245.0 110.0 70 20 normal
320.0 110.0 70 20 normal
395.0 110.0 70 20 normal
470.0 110.0 70 20 normal
545.0 110.0 70 20 normal
620.0 110.0 70 20 normal
20.0 135.0 70 20 normal
95.0 135.0 70 20 normal
170.0 135.0 70 20 normal
245.0 135.0 70 20 normal
320.0 135.0 70 20 normal
395.0 135.0 70 20 normal
470.0 135.0 70 20 normal
545.0 135.0 70 20 normal
620.0 135.0 70 20 normal
20.0 160.0 70 20 normal
95.0 160.0 70 20 normal
170.0 160.0 70 20 normal
245.0 160.0 70 20 normal
320.0 160.0 70 20 normal
395.0 160.0 70 20 normal
470.0 160.0 70 20 normal
545.0 160.0 70 20 normal
620.0 160.0 70 20 normal